0b000401 0b001201 10000 100 12000 2000799999 60084 8664
0b000501 0b001201 10000 100 12000 2000799999 60432 8664
0b000601 0b001201 10000 100 12000 2000799999 60780 8664
0b000701 0b001201 10000 100 12000 2000799999 61128 8664
0b000801 0b001201 10000 100 12000 2000799999 61476 8664
0b000901 0b001201 10000 100 12000 2000799999 61824 8664
0b000a01 0b001201 10000 100 12000 2000799999 62172 8664
0b000b01 0b001201 10000 100 12000 2000799999 62520 8664
0b000c01 0b001201 10000 100 12000 2000799999 62868 8664
0b000d01 0b001201 10000 100 12000 2000799999 63216 8664
0b000e01 0b001201 10000 100 12000 2000799999 63564 8664
0b000f01 0b001201 10000 100 12000 2000799999 63912 8664
0b001001 0b001201 10000 100 12000 2000799999 64260 8664
0b001101 0b001201 10000 100 12000 2000799999 64608 8664
0b000301 0b001301 10000 100 2000000 2000000000 1289395 677680
0b000201 0b001201 10000 100 2000000 2000000000 1498166 677680
