16
2 18 3 100 2000000 2
3 19 3 100 2000000 2
4 18 3 100 12000 2.0008
5 18 3 100 12000 2.0008
6 18 3 100 12000 2.0008
7 18 3 100 12000 2.0008
8 18 3 100 12000 2.0008
9 18 3 100 12000 2.0008
10 18 3 100 12000 2.0008
11 18 3 100 12000 2.0008
12 18 3 100 12000 2.0008
13 18 3 100 12000 2.0008
14 18 3 100 12000 2.0008
15 18 3 100 12000 2.0008
16 18 3 100 12000 2.0008
17 18 3 100 12000 2.0008

First line: # of flows
src0 dst0 3 dst_port0 size0 start_time0
src1 dst1 3 dst_port1 size1 start_time1
...

Please order the flows in ascending start_time!
